name: env-vinx
channels:
  - conda-forge
  - defaults
dependencies:
  - freetype=2.10.4=h546665d_1
  - jbig=2.1=h8d14728_2003
  - jpeg=9d=h8ffe710_0
  - lcms2=2.12=h2a16943_0
  - lerc=2.2.1=h0e60522_0
  - libdeflate=1.7=h8ffe710_5
  - libpng=1.6.37=h1d00b33_2
  - libtiff=4.3.0=h0c97f57_1
  - lz4-c=1.9.3=h8ffe710_1
  - olefile=0.46=pyh9f0ad1d_1
  - openjpeg=2.4.0=hb211442_1
  - pillow=8.3.2=py36h10c25d6_0
  - pip=21.2.4=pyhd8ed1ab_0
  - portaudio=19.6.0=h0e60522_4
  - pyaudio=0.2.11=py36he774522_2
  - python=3.6.13=h39d44d4_2_cpython
  - python_abi=3.6=2_cp36m
  - setuptools=58.0.4=py36ha15d459_1
  - speechrecognition=3.7.1=py36ha15d459_3
  - tk=8.6.11=h8ffe710_1
  - ucrt=10.0.20348.0=h57928b3_0
  - vc=14.2=hb210afc_5
  - vs2015_runtime=14.29.30037=h902a5da_5
  - wheel=0.37.0=pyhd8ed1ab_1
  - xz=5.2.5=h62dcd97_1
  - zlib=1.2.11=h62dcd97_1010
  - zstd=1.5.0=h6255e5f_0
  - pip:
    - comtypes==1.1.10
    - pypiwin32==223
    - pyttsx3==2.90
    - pywin32==301
prefix: C:\Users\Emeline\anaconda3\envs\env-vinx
