name: envVINX
channels:
  - conda-forge
  - defaults
dependencies:
  - ca-certificates=2021.5.30=h5b45459_0
  - freetype=2.10.4=h546665d_1
  - jbig=2.1=h8d14728_2003
  - jpeg=9d=h8ffe710_0
  - lcms2=2.12=h2a16943_0
  - lerc=2.2.1=h0e60522_0
  - libdeflate=1.7=h8ffe710_5
  - libpng=1.6.37=h1d00b33_2
  - libtiff=4.3.0=h0c97f57_1
  - lz4-c=1.9.3=h8ffe710_1
  - olefile=0.46=pyh9f0ad1d_1
  - openjpeg=2.4.0=hb211442_1
  - openssl=1.1.1l=h8ffe710_0
  - pillow=8.3.2=py39h916092e_0
  - pip=21.2.4=pyhd8ed1ab_0
  - python=3.9.7=h7840368_1_cpython
  - python_abi=3.9=2_cp39
  - setuptools=58.0.4=py39hcbf5309_0
  - speechrecognition=3.7.1=py39hcbf5309_3
  - sqlite=3.36.0=h8ffe710_1
  - tk=8.6.11=h8ffe710_1
  - tzdata=2021a=he74cb21_1
  - ucrt=10.0.20348.0=h57928b3_0
  - vc=14.2=hb210afc_5
  - vs2015_runtime=14.29.30037=h902a5da_5
  - wheel=0.37.0=pyhd8ed1ab_1
  - xz=5.2.5=h62dcd97_1
  - zlib=1.2.11=h62dcd97_1010
  - zstd=1.5.0=h6255e5f_0
  - pip:
    - comtypes==1.1.10
    - pypiwin32==223
    - pyttsx3==2.90
    - pywin32==301
prefix: C:\Users\Emeline\anaconda3\envs\envVINX
